8.000000 -31.238521 -23.238521 -31.238521 -23.238521
8.190955 -31.286282 -23.095327 -31.286282 -23.095327
8.381910 -31.334053 -22.952143 -31.334053 -22.952143
8.572864 -31.381847 -22.808983 -31.381847 -22.808983
8.763819 -31.429654 -22.665835 -31.429654 -22.665835
8.954774 -31.477339 -22.522565 -31.477339 -22.522565
9.145729 -31.524954 -22.379225 -31.524954 -22.379225
9.336683 -31.572667 -22.235984 -31.572667 -22.235984
9.527638 -31.620416 -22.092778 -31.620416 -22.092778
9.718593 -31.668170 -21.949577 -31.668170 -21.949577
9.909548 -31.715930 -21.806383 -31.715930 -21.806383
10.100503 -31.763702 -21.663200 -31.763702 -21.663200
10.291457 -31.811497 -21.520039 -31.811497 -21.520039
10.482412 -31.859303 -21.376891 -31.859303 -21.376891
10.673367 -31.906984 -21.233617 -31.906984 -21.233617
10.864322 -31.954601 -21.090279 -31.954601 -21.090279
11.055276 -32.002316 -20.947040 -32.002316 -20.947040
11.246231 -32.050065 -20.803833 -32.050065 -20.803833
11.437186 -32.097819 -20.660633 -32.097819 -20.660633
11.628141 -32.145580 -20.517439 -32.145580 -20.517439
11.819095 -32.193352 -20.374256 -32.193352 -20.374256
12.010050 -32.241147 -20.231097 -32.241147 -20.231097
12.201005 -32.288953 -20.087948 -32.288953 -20.087948
12.391960 -32.336630 -19.944670 -32.336630 -19.944670
12.582915 -32.384248 -19.801333 -32.384248 -19.801333
12.773869 -32.431965 -19.658096 -32.431965 -19.658096
12.964824 -32.479715 -19.514891 -32.479715 -19.514891
13.155779 -32.527469 -19.371690 -32.527469 -19.371690
13.346734 -32.575231 -19.228497 -32.575231 -19.228497
13.537688 -32.623003 -19.085315 -32.623003 -19.085315
13.728643 -32.670800 -18.942157 -32.670800 -18.942157
13.919598 -32.718605 -18.799007 -32.718605 -18.799007
14.110553 -32.766279 -18.655727 -32.766279 -18.655727
14.301508 -32.813901 -18.512393 -32.813901 -18.512393
14.492462 -32.861621 -18.369158 -32.861621 -18.369158
14.683417 -32.909372 -18.225955 -32.909372 -18.225955
14.874372 -32.957129 -18.082757 -32.957129 -18.082757
15.065327 -33.004893 -17.939566 -33.004893 -17.939566
15.256281 -33.052669 -17.796388 -33.052669 -17.796388
15.447236 -33.100471 -17.653234 -33.100471 -17.653234
15.638191 -33.148280 -17.510089 -33.148280 -17.510089
15.829146 -33.195956 -17.366811 -33.195956 -17.366811
16.020101 -33.243586 -17.223486 -33.243586 -17.223486
16.211055 -33.291318 -17.080262 -33.291318 -17.080262
16.402010 -33.339081 -16.937070 -33.339081 -16.937070
16.592965 -33.386851 -16.793887 -33.386851 -16.793887
16.783920 -33.434633 -16.650714 -33.434633 -16.650714
16.974874 -33.482431 -16.507557 -33.482431 -16.507557
17.165829 -33.530260 -16.364431 -33.530260 -16.364431
17.356784 -33.578100 -16.221316 -33.578100 -16.221316
17.547739 -33.625813 -16.078075 -33.625813 -16.078075
17.738693 -33.673495 -15.934801 -33.673495 -15.934801
17.929648 -33.721287 -15.791639 -33.721287 -15.791639
18.120603 -33.769125 -15.648522 -33.769125 -15.648522
18.311558 -33.816987 -15.505430 -33.816987 -15.505430
18.502513 -33.864881 -15.362368 -33.864881 -15.362368
18.693467 -33.912816 -15.219349 -33.912816 -15.219349
18.884422 -33.960813 -15.076391 -33.960813 -15.076391
19.075377 -34.008857 -14.933480 -34.008857 -14.933480
19.266332 -34.056817 -14.790485 -34.056817 -14.790485
19.457286 -34.104805 -14.647518 -34.104805 -14.647518
19.648241 -34.152972 -14.504731 -34.152972 -14.504731
19.839196 -34.201262 -14.362066 -34.201262 -14.362066
20.030151 -34.249676 -14.219525 -34.249676 -14.219525
20.221106 -34.298240 -14.077135 -34.298240 -14.077135
20.412060 -34.346989 -13.934928 -34.346989 -13.934928
20.603015 -34.395971 -13.792956 -34.395971 -13.792956
20.793970 -34.445206 -13.651236 -34.445206 -13.651236
20.984925 -34.494599 -13.509675 -34.494599 -13.509675
21.175879 -34.544322 -13.368442 -34.544322 -13.368442
21.366834 -34.594576 -13.227742 -34.594576 -13.227742
21.557789 -34.645377 -13.087588 -34.645377 -13.087588
21.748744 -34.696801 -12.948057 -34.696801 -12.948057
21.939698 -34.748970 -12.809272 -34.748970 -12.809272
22.130653 -34.802030 -12.671377 -34.802030 -12.671377
22.321608 -34.856160 -12.534552 -34.856160 -12.534552
22.512563 -34.911525 -12.398962 -34.911525 -12.398962
22.703518 -34.968191 -12.264674 -34.968191 -12.264674
22.894472 -35.026545 -12.132073 -35.026545 -12.132073
23.085427 -35.087035 -12.001608 -35.087035 -12.001608
23.276382 -35.149943 -11.873561 -35.149943 -11.873561
23.467337 -35.215672 -11.748335 -35.215672 -11.748335
23.658291 -35.284720 -11.626428 -35.284720 -11.626428
23.849246 -35.357683 -11.508436 -35.357683 -11.508436
24.040201 -35.435280 -11.395079 -35.435280 -11.395079
24.231156 -35.518312 -11.287156 -35.518312 -11.287156
24.422111 -35.607543 -11.185432 -35.607543 -11.185432
24.613065 -35.704326 -11.091261 -35.704326 -11.091261
24.804020 -35.810389 -11.006369 -35.810389 -11.006369
24.994975 -35.927519 -10.932544 -35.927515 -10.932540
25.185930 -36.058501 -10.872572 -36.058069 -10.872139
25.376884 -36.207504 -10.830620 -36.205115 -10.828231
25.567839 -36.380682 -10.812842 -36.372512 -10.804673
25.758794 -36.588523 -10.829729 -36.564957 -10.806163
25.949749 -36.843555 -10.893806 -36.787510 -10.837761
26.140704 -37.151023 -11.010319 -37.043087 -10.902384
26.331658 -37.502189 -11.170530 -37.332540 -11.000882
26.522613 -37.884046 -11.361433 -37.656402 -11.133789
26.713568 -38.287128 -11.573560 -38.016791 -11.303223
26.904523 -38.726213 -11.821690 -38.413770 -11.509248
27.095477 -39.250108 -12.154631 -38.854559 -11.759082
27.286432 -39.921658 -12.635226 -39.346447 -12.060015
27.477387 -40.894422 -13.417035 -39.897538 -12.420151
27.668342 -42.715028 -15.046687 -40.511254 -12.842912
27.859296 -46.789048 -18.929752 -41.210633 -13.351336
28.050251 -55.289019 -27.238768 -42.012030 -13.961778
28.241206 -67.584914 -39.343708 -42.902663 -14.661457
28.432161 -79.411273 -50.979112 -43.931822 -15.499661
